------------------------------
Баландина Екатерина 807615015
------------------------------
Возрастная анатомия, физиология и гигиена (2)
04:05 16.12.24 = 0 = 4 из 21 = 0 3 4 5 6 8 9 10 11 12 13 14 15 16 17 19 20
04:10 16.12.24 = 0 = 6 из 21 = 1 2 3 4 5 6 7 11 12 13 14 15 17 18 20
04:21 16.12.24 = 0 = 9 из 21 = 2 3 5 8 10 12 13 14 15 17 18 20
04:44 16.12.24 = 0 = 4 из 21 = 0 1 3 4 5 6 7 9 12 13 14 15 16 17 18 19 20
04:48 16.12.24 = 0 = 6 из 21 = 0 1 2 3 4 5 6 7 8 9 11 12 15 18 19
04:55 16.12.24 = 0 = 4 из 21 = 0 1 2 4 6 7 8 9 11 12 13 15 16 17 18 19 20
05:34 16.12.24 = 0 = 6 из 21 = 1 2 3 4 5 7 8 9 12 13 14 15 16 17 18
